0,0,0,0,0,0,0,0,0,0,0,0,0,0,0,1,0,0,0,1,1,0,0,0,1,0,1,0,1,0,0,0,1,0,0,mała
0,0,0,0,0,0,0,0,0,0,0,0,0,0,0,1,1,1,1,0,1,0,0,0,0,1,0,0,0,0,1,1,1,1,0,mała
0,0,0,0,0,0,0,0,0,0,0,0,0,0,0,0,1,0,1,0,1,0,1,0,1,1,0,1,0,1,1,0,1,0,1,mała
0,0,0,0,0,0,0,0,0,0,0,0,0,0,0,1,0,0,0,1,1,0,0,0,1,1,0,0,0,1,0,1,1,1,0,mała
0,0,0,0,0,0,0,0,0,0,0,0,0,0,0,1,1,1,1,1,0,0,0,1,0,0,0,1,0,0,1,1,1,1,1,mała
0,0,0,0,0,0,0,0,0,0,0,0,0,0,0,0,1,1,1,0,1,0,0,0,1,1,0,0,0,1,0,1,1,1,0,mała
0,0,0,0,0,0,0,0,0,0,0,0,0,0,0,1,1,1,1,1,1,0,1,0,1,1,0,1,0,1,1,0,1,0,1,mała
0,0,0,0,0,0,0,0,0,0,0,0,0,0,0,0,1,1,1,0,0,1,0,1,0,0,1,0,1,0,0,1,0,1,0,mała
0,0,0,0,0,0,0,0,0,0,0,0,0,0,0,0,1,1,1,0,1,0,0,0,1,1,0,0,0,1,0,1,1,1,0,mała
0,0,0,0,0,0,0,0,0,0,0,0,0,0,0,1,0,0,0,1,1,0,0,0,1,0,1,0,1,0,0,0,1,0,0,mała
1,1,1,1,0,1,0,0,0,1,1,0,0,0,1,1,1,1,1,0,1,0,0,0,1,1,0,0,0,1,1,1,1,1,0,duża
0,1,1,1,0,1,0,0,0,1,1,0,0,0,0,1,0,0,0,0,1,0,0,0,0,1,0,0,0,1,0,1,1,1,0,duża
1,1,1,1,0,1,0,0,0,1,1,0,0,0,1,1,0,0,0,1,1,0,0,0,1,1,0,0,0,1,1,1,1,1,0,duża
1,0,0,0,1,1,0,0,0,1,1,0,0,0,1,1,1,1,1,1,1,0,0,0,1,1,0,0,0,1,1,0,0,0,1,duża
0,1,1,1,0,0,0,1,0,0,0,0,1,0,0,0,0,1,0,0,0,0,1,0,0,0,0,1,0,0,0,1,1,1,0,duża
1,0,0,0,0,1,0,0,0,0,1,0,0,0,0,1,0,0,0,0,1,0,0,0,0,1,0,0,0,0,1,1,1,1,1,duża
1,0,0,0,1,1,1,0,1,1,1,0,1,0,1,1,0,0,0,1,1,0,0,0,1,1,0,0,0,1,1,0,0,0,1,duża
1,0,0,0,1,1,0,0,0,1,1,1,0,0,1,1,0,1,0,1,1,0,0,1,1,1,0,0,0,1,1,0,0,0,1,duża
0,1,1,1,0,1,0,0,0,1,1,0,0,0,1,1,0,0,0,1,1,0,0,0,1,1,0,0,0,1,0,1,1,1,0,duża
1,0,0,0,1,1,0,0,0,1,1,0,0,0,1,1,0,0,0,1,1,0,0,0,1,0,1,0,1,0,0,0,1,0,0,duża
1,1,1,1,1,0,0,0,0,1,0,0,0,1,0,0,0,1,0,0,0,1,0,0,0,1,0,0,0,0,1,1,1,1,1,dużatest
0,0,0,0,0,0,0,0,0,0,0,0,0,0,0,1,0,0,0,1,1,0,1,0,1,1,0,1,0,1,0,1,0,1,0,małatest
0,0,0,0,0,0,0,0,0,0,0,0,0,0,0,0,1,0,1,0,1,0,1,0,1,1,0,1,0,1,1,0,1,0,1,małatest
1,1,1,1,0,1,0,0,0,1,1,0,0,0,1,1,1,1,1,0,1,0,0,0,1,1,0,0,0,1,1,1,1,1,0,dużatest