1,0,0,0,0,			0,0,0,0,0,
1,0,0,0,0,			0,0,0,0,0,
1,0,0,0,0,			0,0,0,0,0,
1,1,1,1,0,			1,0,0,0,1,
1,0,0,0,1,			1,0,0,0,1,
1,0,0,0,1,			0,1,0,1,0,
1,1,1,1,0,			0,0,1,0,0,
1-b/ zmienic na v

0,0,0,0,0,
0,0,0,0,0,
0,0,0,0,0,
1,1,1,1,0,
1,0,0,0,0,
1,0,0,0,0,
1,1,1,1,0,
2-c

0,0,0,0,1,			0,0,0,0,0,
0,0,0,0,1,			0,0,0,0,0,
0,0,0,0,1,			0,0,0,0,0,
0,1,1,1,1,			0,1,0,1,0,
1,0,0,0,1,			1,0,1,0,1,
1,0,0,0,1,			1,0,1,0,1,
0,1,1,1,1,			1,0,1,0,1,
3-d/ zmienic na m


1,0,0,0,0,			0,0,0,0,0,
1,0,0,0,0,       		0,0,0,0,0,
1,0,0,0,0,			0,0,0,0,0,	
1,1,1,1,1,			1,0,0,0,1,
1,0,0,0,1,			1,0,0,0,1,
1,0,0,0,1,			1,0,0,0,1,
1,0,0,0,1,			0,1,1,1,0,
4-h DO ZMIANY/ zrobic u

0,0,0,0,0,			0,0,0,0,0,
0,0,1,0,0,			0,0,0,0,0,
0,0,0,0,0,			0,0,0,0,0,
0,0,1,0,0,			1,1,1,1,1,
0,0,1,0,0,			0,0,0,1,0,
0,0,1,0,0,			0,0,1,0,0,
0,0,1,0,0,			1,1,1,1,1,
5-i DO ZMIANY/zrobic z

0,0,1,0,0,			0,0,0,0,0,
0,0,1,0,0,			0,0,0,0,0,
0,0,1,0,0,			0,0,0,0,0,
0,0,1,0,0,			0,1,1,1,0,
0,0,1,0,0,			1,0,0,0,1,
0,0,1,0,0,			1,0,0,0,1,
0,0,1,0,0,			0,1,1,1,0,
6-l do zmiany / zrobic o




0,0,0,0,0,
0,0,0,0,0,
0,0,0,0,0,
1,0,0,0,1,
1,0,1,0,1,
1,0,1,0,1,
0,1,0,1,0,



1,0,0,0,0,
1,0,0,0,0,
1,0,0,0,0,
1,1,1,1,0,
1,0,0,0,1,
1,0,0,0,1,
1,1,1,1,0,